time (s)	theta (A)	maj axis/z0	min axis/z0	crossing#mod 255
4999.347116	325.926697	1.706609	-0.162018	211
5001.390155	325.863892	1.704132	-0.162472	213
5003.432755	325.815674	1.701827	-0.162622	215
5005.475088	325.709473	1.702476	-0.162812	217
5007.517169	325.365417	1.702478	-0.163393	219
5009.559013	325.075043	1.704625	-0.164315	221
5011.600050	324.545105	1.704065	-0.164650	223
5013.641301	323.855682	1.704541	-0.165530	225
5015.681852	323.039001	1.701088	-0.165986	227
5017.722394	322.034149	1.699380	-0.167084	229
5019.763070	321.199310	1.693375	-0.168287	231
5021.804243	320.418976	1.684766	-0.168836	233
5023.846705	320.183197	1.678964	-0.169687	235
5025.889630	320.221191	1.673924	-0.169270	237
5027.933550	320.303467	1.673073	-0.169949	239
5029.977164	320.547516	1.672547	-0.171384	241
5032.021017	320.844269	1.670462	-0.172425	243
5034.064305	320.912018	1.670937	-0.173299	245
5036.107307	320.988647	1.669327	-0.174035	247
5038.149900	320.892670	1.666616	-0.174190	249
5040.192155	320.591614	1.666502	-0.174143	251
5042.233759	320.364960	1.662965	-0.174171	253
5044.275459	320.010742	1.660823	-0.173695	255
5046.317163	319.882690	1.657524	-0.173380	1
5048.359750	319.665192	1.652566	-0.172689	3
5050.402539	319.608765	1.650560	-0.172632	5
5052.446265	319.855743	1.648142	-0.171577	7
5054.490242	320.037872	1.649974	-0.170370	9
5056.535079	320.555359	1.652692	-0.170633	11
5058.579635	320.948212	1.652182	-0.169839	13
5060.624557	321.250244	1.651945	-0.169602	15
5062.668638	321.674347	1.647885	-0.169359	17
5064.712522	321.840515	1.643423	-0.168584	19
5066.756140	321.899902	1.641618	-0.168282	21
5068.799270	321.968689	1.641272	-0.169015	23
5070.842284	321.943359	1.638360	-0.169618	25
5072.884647	321.818878	1.637768	-0.170014	27
5074.927009	321.654388	1.636252	-0.170190	29
5076.968893	321.355438	1.636533	-0.170617	31
5079.010202	320.964325	1.634811	-0.170688	33
5081.051526	320.326263	1.634753	-0.171181	35
5083.092409	319.704803	1.632659	-0.172505	37
5085.133651	318.945862	1.628744	-0.173380	39
5087.174445	318.096832	1.626979	-0.173442	41
5089.215593	317.523895	1.620503	-0.174157	43
5091.257148	316.905304	1.616638	-0.174793	45
5093.299502	316.661560	1.611086	-0.176243	47
5095.342407	316.544708	1.608390	-0.176283	49
5097.385227	316.629211	1.604873	-0.176676	51
5099.428758	316.810455	1.603388	-0.177482	53
5101.472012	316.838501	1.601451	-0.178323	55
5103.515151	316.941437	1.599965	-0.178965	57
5105.557990	316.853729	1.598083	-0.179561	59
5107.600348	316.797211	1.595736	-0.179993	61
5109.642176	316.534790	1.592057	-0.179914	63
5111.684072	316.322296	1.588795	-0.179235	65
5113.725926	316.095032	1.587794	-0.179591	67
5115.768422	315.950531	1.586915	-0.180194	69
5117.811459	316.030212	1.583627	-0.179844	71
5119.855127	316.109283	1.582619	-0.178790	73
5121.899028	316.330261	1.583224	-0.179555	75
5123.943365	316.746674	1.584347	-0.179719	77
5125.987617	317.032623	1.584733	-0.179215	79
5128.032089	317.380737	1.584805	-0.178651	81
5130.076138	317.723358	1.583906	-0.178761	83
5132.119962	317.924469	1.582455	-0.177153	85
5134.163414	318.077240	1.579591	-0.177267	87
5136.206747	318.111847	1.578354	-0.176807	89
5138.249194	318.126923	1.576504	-0.176801	91
5140.291686	318.010345	1.575905	-0.176379	93
5142.333737	317.779175	1.574891	-0.176445	95
5144.375728	317.512238	1.572763	-0.175991	97
5146.417825	317.115112	1.573374	-0.176983	99
5148.458437	316.585907	1.573329	-0.178163	101
5150.500169	316.041748	1.568564	-0.179765	103
5152.540679	315.254395	1.567276	-0.180445	105
5154.582055	314.771820	1.563147	-0.180997	107
5156.623307	314.193085	1.558627	-0.182131	109
5158.665076	313.681824	1.553600	-0.182219	111
5160.707489	313.529755	1.549719	-0.181922	113
5162.749864	313.321014	1.547250	-0.182907	115
5164.792636	313.248932	1.544259	-0.182738	117
5166.835815	313.318024	1.541934	-0.184368	119
5168.878695	313.376831	1.540043	-0.183984	121
5170.921295	313.278809	1.537543	-0.183850	123
5172.963888	313.369781	1.534973	-0.184086	125
5175.006388	313.201752	1.533657	-0.184067	127
5177.048378	313.089752	1.531281	-0.184084	129
5179.090795	312.912476	1.529218	-0.183681	131
5181.133200	312.886200	1.528021	-0.184456	133
5183.176001	312.872772	1.527366	-0.183987	135
5185.219141	312.924194	1.527744	-0.184121	137
5187.262564	313.129150	1.525567	-0.183644	139
5189.306461	313.356415	1.525699	-0.183493	141
5191.350834	313.688629	1.524629	-0.181854	143
5193.394696	313.996429	1.525165	-0.181656	145
5195.438742	314.166290	1.524808	-0.180940	147
5197.482396	314.422241	1.523500	-0.181539	149
5199.525774	314.465118	1.522180	-0.181676	151
5201.569063	314.637512	1.517977	-0.181476	153
5203.611849	314.681213	1.516728	-0.181973	155
5205.654681	314.650574	1.517485	-0.181928	157
5207.697053	314.491089	1.516573	-0.180446	159
5209.738954	314.239929	1.514909	-0.179564	161
5211.780982	313.864899	1.515864	-0.180007	163
5213.822398	313.492371	1.512999	-0.180488	165
5215.863909	313.053162	1.510885	-0.181072	167
5217.905182	312.486481	1.506840	-0.180894	169
5219.946596	311.946838	1.502545	-0.180385	171
5221.987873	311.350067	1.499504	-0.180655	173
5224.029343	310.937958	1.495806	-0.181534	175
5226.071145	310.619202	1.490726	-0.182202	177
5228.113263	310.357880	1.488404	-0.183178	179
5230.155608	310.302948	1.486668	-0.183303	181
5232.198262	310.187439	1.482568	-0.183646	183
5234.241039	310.122650	1.481418	-0.184304	185
5236.283619	310.187012	1.478655	-0.184674	187
5238.326389	310.127197	1.477057	-0.185286	189
5240.368889	310.147675	1.475183	-0.185604	191
5242.411193	309.982483	1.472916	-0.185699	193
5244.453602	309.924713	1.471002	-0.185400	195
5246.495984	309.860077	1.469075	-0.184764	197
5248.539062	309.858459	1.469173	-0.185176	199
5250.581989	309.889038	1.467663	-0.184884	201
5252.625493	310.089752	1.467401	-0.184697	203
5254.669286	310.174713	1.465747	-0.185088	205
5256.712857	310.349609	1.465042	-0.185640	207
5258.756712	310.535187	1.464466	-0.185518	209
5260.800057	310.747040	1.464614	-0.186172	211
5262.843587	310.872009	1.463285	-0.186590	213
5264.887082	310.980713	1.463733	-0.187130	215
5266.930195	311.059662	1.461535	-0.186769	217
5268.972821	311.066498	1.460319	-0.187386	219
5271.015484	311.044098	1.459470	-0.187456	221
5273.057721	310.820007	1.457200	-0.187516	223
5275.099867	310.610748	1.456260	-0.187898	225
5277.141953	310.316956	1.454252	-0.188581	227
5279.183549	310.068573	1.452938	-0.188603	229
5281.224933	309.660980	1.450872	-0.188836	231
5283.266535	309.224579	1.448260	-0.189370	233
5285.308034	308.776520	1.445045	-0.189497	235
5287.349428	308.367584	1.440513	-0.189576	237
5289.391303	307.926636	1.437177	-0.190183	239
5291.432863	307.620911	1.432348	-0.190732	241
5293.475194	307.422119	1.429661	-0.190809	243
5295.517162	307.265778	1.427536	-0.190957	245
5297.559675	307.208923	1.426034	-0.190943	247
5299.601920	307.127625	1.425411	-0.190911	249
5301.644223	307.118317	1.419584	-0.191914	251
5303.687029	306.941803	1.419144	-0.191746	253
5305.729091	307.057373	1.418133	-0.191688	255
5307.772055	306.946533	1.417658	-0.191834	1
5309.814180	306.816467	1.416070	-0.192934	3
5311.856988	306.800232	1.415810	-0.193687	5
5313.899791	306.940918	1.413343	-0.193243	7
