crossing time (s)	slope (V/s)	crossing number
8467.428888	28.093452	7390
8468.455644	28.815065	7391
8469.473089	27.731102	7392
8470.499160	29.088827	7393
8471.517029	27.884758	7394
8472.540024	28.980322	7395
8473.561164	27.714380	7396
8474.583261	28.800042	7397
8475.604075	27.549196	7398
8476.624911	28.695235	7399
8477.647318	27.468387	7400
8478.665304	28.567045	7401
8479.692132	27.542348	7402
8480.708040	28.799682	7403
8481.736369	27.491084	7404
8482.751167	28.567956	7405
8483.778474	27.428269	7406
8484.793408	28.443438	7407
8485.821644	27.268049	7408
8486.836665	28.487265	7409
8487.864166	27.337579	7410
8488.878944	28.615308	7411
8489.910009	27.588159	7412
8490.921600	28.234398	7413
8491.952423	27.203093	7414
8492.964353	28.430092	7415
8493.993944	27.148533	7416
8495.007722	28.166690	7417
8496.036263	27.247390	7418
8497.053147	28.322508	7419
8498.079830	27.414889	7420
8499.094391	28.090210	7421
8500.122701	27.014880	7422
8501.139092	28.040744	7423
8502.162793	27.015002	7424
8503.181898	27.912611	7425
8504.206780	26.816841	7426
8505.226723	27.817090	7427
8506.250509	26.849438	7428
8507.270207	27.785281	7429
8508.291166	26.767130	7430
8509.312395	27.849086	7431
8510.334418	26.696348	7432
8511.356786	27.819759	7433
8512.376218	26.693499	7434
8513.399864	27.648041	7435
8514.417174	26.659847	7436
8515.442612	27.709164	7437
8516.460081	26.728711	7438
8517.487241	27.682967	7439
8518.502352	26.482668	7440
8519.530369	27.550595	7441
8520.545929	26.553548	7442
8521.574030	27.390651	7443
8522.588280	26.301528	7444
8523.617618	27.290392	7445
8524.630371	26.340874	7446
8525.659974	27.517376	7447
8526.673010	26.347003	7448
8527.702817	27.201033	7449
8528.715704	26.430999	7450
8529.745756	27.277240	7451
8530.758224	26.286892	7452
8531.790138	27.240052	7453
8532.801290	26.165353	7454
8533.831597	26.992795	7455
8534.842592	26.146223	7456
8535.875258	26.841967	7457
8536.887632	26.202739	7458
8537.917376	27.245499	7459
8538.929177	26.254107	7460
8539.960107	27.048975	7461
8540.972515	25.891272	7462
8542.002072	26.844343	7463
8543.014874	25.987033	7464
8544.046284	26.673470	7465
8545.058714	25.761223	7466
8546.090823	26.891452	7467
8547.102744	25.727206	7468
8548.133281	26.774891	7469
8549.143987	25.934126	7470
8550.172153	26.791171	7471
8551.189487	25.835698	7472
8552.216818	26.726488	7473
8553.230350	25.604839	7474
8554.259136	26.594468	7475
8555.272789	25.761870	7476
8556.301639	26.628537	7477
8557.316395	25.596548	7478
8558.344379	26.334202	7479
8559.359073	25.281863	7480
8560.387501	26.281676	7481
8561.404193	25.355322	7482
8562.430139	26.298325	7483
8563.446412	25.378164	7484
8564.472081	26.370518	7485
8565.489013	25.283204	7486
8566.514150	26.296210	7487
8567.532607	25.078413	7488
8568.556984	26.144120	7489
8569.575065	24.872238	7490
8570.599802	26.127020	7491
8571.620372	24.935461	7492
8572.641677	26.182283	7493
8573.663829	24.862608	7494
8574.683791	26.063383	7495
8575.706609	25.158636	7496
8576.726895	26.051537	7497
8577.748222	24.881365	7498
8578.771012	26.217343	7499
8579.791628	24.918012	7500
8580.810903	25.802788	7501
8581.832545	24.547938	7502
8582.855077	26.058152	7503
8583.877410	24.796087	7504
8584.897538	25.503612	7505
8585.919169	24.947252	7506
8586.941881	25.645970	7507
8587.962863	24.613705	7508
8588.983010	25.873326	7509
8590.005737	24.593048	7510
8591.026777	25.722187	7511
8592.048162	24.442088	7512
8593.069732	25.635290	7513
8594.091473	24.501273	7514
8595.112098	25.544032	7515
8596.131845	24.460037	7516
8597.154948	25.363483	7517
8598.175614	24.287087	7518
8599.198883	25.351803	7519
8600.218619	24.430212	7520
8601.244294	25.107336	7521
8602.259942	23.931132	7522
8603.285043	25.271518	7523
8604.304650	23.853329	7524
8605.326700	25.434069	7525
8606.346835	24.088079	7526
8607.370240	25.007192	7527
8608.387155	24.140722	7528
8609.413410	24.888820	7529
8610.431420	23.954597	7530
8611.458095	25.271427	7531
8612.472885	24.076142	7532
8613.500051	24.863734	7533
8614.517334	23.962480	7534
8615.542832	24.969814	7535
8616.557820	23.943967	7536
8617.585568	25.030734	7537
8618.601825	23.784562	7538
8619.628259	24.799283	7539
8620.643397	23.739679	7540
8621.670498	24.536320	7541
8622.685681	23.638053	7542
8623.715455	24.671565	7543
8624.728413	23.799637	7544
8625.756821	24.667394	7545
8626.770494	23.829923	7546
8627.800833	24.577819	7547
8628.815734	23.754895	7548
8629.844907	24.427401	7549
8630.856087	23.683452	7550
8631.886316	24.461711	7551
8632.900321	23.577036	7552
8633.929347	24.541738	7553
8634.943994	23.429367	7554
8635.971402	24.291463	7555
8636.984537	23.490289	7556
8638.015468	24.409494	7557
8639.029022	23.312910	7558
8640.055583	24.328432	7559
8641.072545	23.267836	7560
8642.100121	24.247834	7561
8643.112633	23.085449	7562
8644.142853	24.043422	7563
8645.157597	23.041676	7564
8646.185029	24.176685	7565
8647.199966	23.068975	7566
8648.228094	24.090173	7567
8649.241567	22.996406	7568
8650.271202	24.009688	7569
8651.285376	23.026363	7570
8652.313576	24.030685	7571
8653.329720	22.804106	7572
8654.355642	23.735054	7573
8655.371117	22.718695	7574
8656.398894	23.785376	7575
8657.411939	22.640671	7576
8658.440826	24.059275	7577
8659.457728	22.689290	7578
8660.480878	23.611844	7579
8661.499979	22.863470	7580
8662.525717	23.628015	7581
8663.542686	22.972917	7582
8664.568909	23.927122	7583
8665.581312	22.907290	7584
8666.610280	23.687812	7585
8667.626200	23.262721	7586
8668.655038	23.747724	7587
8669.671258	22.768591	7588
8670.697651	23.449390	7589
8671.712201	22.509254	7590
8672.740720	23.460753	7591
8673.755765	22.517230	7592
8674.780930	23.447058	7593
8675.799720	22.326061	7594
8676.824315	23.578658	7595
8677.844073	22.596595	7596
8678.867808	23.400750	7597
8679.884026	22.295090	7598
8680.911205	23.579073	7599
8681.926095	22.331093	7600
8682.950509	23.295307	7601
8683.971868	22.194362	7602
8684.994909	23.254452	7603
8686.013121	22.168269	7604
8687.038822	22.975060	7605
8688.053204	22.130603	7606
8689.080103	23.345851	7607
8690.098213	21.995320	7608
8691.123260	23.013778	7609
8692.141560	22.048174	7610
8693.168271	22.965810	7611
8694.183171	21.986596	7612
8695.210532	22.937656	7613
8696.226275	21.977865	7614
8697.249729	22.969348	7615
8698.271521	21.727219	7616
8699.295523	22.921833	7617
8700.311439	21.564362	7618
8701.338834	22.578499	7619
8702.356469	21.738254	7620
8703.379083	23.241127	7621
8704.399221	21.410627	7622
8705.424408	22.324412	7623
8706.438381	21.258101	7624
8707.466641	22.402291	7625
8708.481057	20.651377	7626
8709.509175	22.583708	7627
8710.525503	21.400278	7628
8711.553622	22.686142	7629
8712.569720	21.134510	7630
8713.594415	21.871993	7631
8714.613685	21.035775	7632
8715.636383	22.424307	7633
8716.655427	21.072533	7634
8717.680342	22.026494	7635
8718.695153	21.018139	7636
8719.723596	22.012865	7637
8720.740832	21.000305	7638
8721.764379	22.015999	7639
8722.783593	20.938784	7640
8723.809709	21.849625	7641
8724.824342	21.098736	7642
8725.848559	21.767014	7643
8726.868317	20.922368	7644
8727.893356	21.959285	7645
8728.910526	20.975694	7646
8729.936466	21.762557	7647
8730.951553	20.755598	7648
8731.978380	21.616083	7649
8732.995427	20.847693	7650
8734.021930	21.554611	7651
8735.037418	20.891115	7652
8736.064799	21.714698	7653
8737.080712	20.750359	7654
8738.104900	21.716484	7655
8739.125072	20.669568	7656
8740.149386	21.704277	7657
8741.164828	20.617114	7658
8742.189054	21.477477	7659
8743.210811	20.488868	7660
8744.233772	21.570016	7661
8745.251434	20.511393	7662
8746.276144	21.612857	7663
8747.293525	20.466065	7664
8748.317297	21.518441	7665
8749.336509	20.371893	7666
8750.362721	21.490089	7667
8751.378375	20.370212	7668
8752.402720	21.143090	7669
8753.421900	20.300935	7670
8754.447524	21.186423	7671
8755.466544	20.340639	7672
8756.490672	21.250462	7673
8757.506933	20.202348	7674
8758.532381	21.401019	7675
8759.549844	20.696595	7676
8760.576551	21.171690	7677
8761.590569	20.693997	7678
8762.619018	21.176517	7679
8763.632898	19.996976	7680
8764.661028	20.912083	7681
8765.678668	20.143341	7682
8766.703609	20.752407	7683
8767.719607	19.906535	7684
8768.746618	20.769903	7685
8769.763215	19.968052	7686
8770.786756	20.806482	7687
8771.805398	20.017602	7688
8772.830799	20.711132	7689
8773.846938	19.713409	7690
8774.876221	20.657738	7691
8775.890483	19.586760	7692
8776.916502	20.641122	7693
8777.933823	19.566572	7694
8778.958708	20.564043	7695
8779.975419	19.429614	7696
