crossing time (s)	slope (V/s)	crossing number
4553.179547	20.486746	3620
4554.200305	19.884909	3621
4555.221702	20.539892	3622
4556.242162	19.908003	3623
4557.262090	20.050061	3624
4558.287320	19.854446	3625
4559.305015	20.338949	3626
4560.330276	19.883335	3627
4561.346724	19.981894	3628
4562.373183	19.796536	3629
4563.387149	20.133451	3630
4564.417318	19.545996	3631
4565.432885	20.049831	3632
4566.456316	19.617276	3633
4567.477227	19.756254	3634
4568.500563	19.549199	3635
4569.520045	19.888398	3636
4570.538400	19.350138	3637
4571.565044	19.804680	3638
4572.579193	19.450821	3639
4573.609365	19.590081	3640
4574.619572	19.463342	3641
4575.654762	19.679955	3642
4576.662435	19.324071	3643
4577.699880	19.226332	3644
4578.701645	19.364515	3645
4579.745149	19.366872	3646
4580.741697	19.373475	3647
4581.783685	19.197800	3648
4582.784869	19.420372	3649
4583.825495	19.184674	3650
4584.831868	19.129470	3651
4585.866378	19.123934	3652
4586.878474	19.258437	3653
4587.905909	19.054794	3654
4588.921732	19.262996	3655
4589.947642	19.279712	3656
4590.966718	19.263815	3657
4591.987041	18.895850	3658
4593.011320	19.314698	3659
4594.030290	19.098520	3660
4595.054254	19.013258	3661
4596.072916	18.972523	3662
4597.095947	19.275794	3663
4598.113861	18.680386	3664
4599.137085	19.026414	3665
4600.159336	18.684890	3666
4601.178172	19.001325	3667
4602.203453	18.733986	3668
4603.220297	19.059962	3669
4604.247769	18.631423	3670
4605.259494	19.336998	3671
4606.294848	18.667337	3672
4607.298390	18.703876	3673
4608.340874	18.499745	3674
4609.340942	18.738624	3675
4610.382633	18.460929	3676
4611.382690	18.414377	3677
4612.423175	18.547186	3678
4613.425633	18.508980	3679
4614.466695	18.612602	3680
4615.468284	18.288208	3681
4616.508140	18.625916	3682
4617.513733	18.213894	3683
4618.546832	18.392017	3684
4619.559060	18.315478	3685
4620.590358	18.703144	3686
4621.604148	18.330228	3687
4622.628714	18.422565	3688
4623.645509	18.307366	3689
4624.671163	18.419906	3690
4625.691381	18.195172	3691
4626.712327	18.482016	3692
4627.732971	18.094702	3693
4628.754794	18.252207	3694
4629.776213	18.089214	3695
4630.797264	18.336502	3696
4631.817167	18.067824	3697
4632.842730	18.150887	3698
4633.860602	18.038287	3699
4634.884728	18.224879	3700
4635.899461	17.978406	3701
4636.928542	18.185284	3702
4637.943526	17.991514	3703
4638.973047	17.909563	3704
4639.982787	17.868537	3705
4641.016969	17.844817	3706
4642.022652	17.635099	3707
4643.062471	17.707209	3708
4644.063681	18.169475	3709
4645.106559	17.689884	3710
4646.105004	17.917553	3711
4647.149478	17.593877	3712
4648.149451	17.775375	3713
4649.190365	17.786667	3714
4650.192873	17.960062	3715
4651.231740	17.641721	3716
4652.236846	17.709783	3717
4653.271635	17.652203	3718
4654.282205	17.728628	3719
4655.313938	17.635147	3720
4656.324802	17.707001	3721
4657.354164	17.710559	3722
4658.369076	17.860054	3723
4659.395176	17.619170	3724
4660.412008	17.563807	3725
4661.438261	17.694174	3726
4662.455801	17.610899	3727
4663.482375	17.420823	3728
4664.497101	17.427580	3729
4665.522555	17.484670	3730
4666.538959	17.382560	3731
4667.569783	17.393645	3732
4668.578821	17.510404	3733
4669.612541	17.228926	3734
4670.620987	17.375389	3735
4671.656015	17.205627	3736
4672.659717	17.262843	3737
4673.703075	17.357885	3738
4674.702563	17.075873	3739
4675.743441	17.224255	3740
4676.744196	16.994394	3741
4677.787967	16.965838	3742
4678.789096	17.074712	3743
4679.827080	17.144059	3744
4680.830320	17.091587	3745
4681.871073	17.026807	3746
4682.875794	17.074583	3747
4683.911302	17.089230	3748
4684.919614	16.758750	3749
4685.950912	16.797416	3750
4686.961596	16.943805	3751
4687.993374	16.990811	3752
4689.007716	16.870290	3753
4690.032729	16.881577	3754
4691.050546	17.596745	3755
4692.077298	16.709638	3756
4693.094126	16.840008	3757
4694.116622	17.041279	3758
4695.135081	16.922047	3759
4696.160719	16.978072	3760
4697.178561	16.823932	3761
4698.202389	16.730862	3762
4699.218041	16.787922	3763
4700.246745	16.868945	3764
4701.260906	16.708352	3765
4702.290132	16.663286	3766
4703.301002	16.837979	3767
4704.334992	16.679611	3768
4705.342569	16.708021	3769
4706.379207	16.627005	3770
4707.383479	16.515235	3771
4708.421855	16.534481	3772
4709.423905	16.619974	3773
4710.466899	16.162591	3774
4711.466570	16.478437	3775
4712.508835	16.272265	3776
4713.507847	16.429973	3777
4714.553051	16.338508	3778
4715.553851	16.385442	3779
4716.593050	16.372085	3780
4717.594163	16.779524	3781
4718.634483	16.261322	3782
4719.639532	16.207696	3783
4720.675020	16.517907	3784
4721.685033	16.107059	3785
4722.717352	16.121154	3786
4723.727407	16.365885	3787
4724.757900	16.448084	3788
4725.768918	16.161914	3789
4726.799698	16.290976	3790
4727.811663	16.363539	3791
4728.843679	16.324526	3792
4729.852895	16.020408	3793
4730.886383	16.238609	3794
4731.896893	15.980235	3795
4732.930508	16.097483	3796
4733.935531	16.079420	3797
4734.973479	16.346180	3798
4735.978309	15.876577	3799
4737.016652	16.141417	3800
4738.018524	16.053495	3801
4739.061989	15.921622	3802
4740.059879	16.199013	3803
4741.103593	16.201911	3804
4742.102513	16.029390	3805
4743.147142	15.862896	3806
4744.146034	15.845540	3807
4745.187989	15.988971	3808
4746.188815	15.978112	3809
4747.229289	15.815841	3810
4748.231939	15.767247	3811
4749.271948	15.760372	3812
4750.275552	15.922063	3813
4751.310809	15.867822	3814
4752.320537	15.852180	3815
4753.354516	15.643407	3816
4754.363367	16.137102	3817
4755.393476	15.740001	3818
4756.407607	15.881199	3819
4757.437178	15.806517	3820
4758.448456	15.538822	3821
4759.477395	15.642807	3822
4760.492320	15.727712	3823
4761.520913	15.680478	3824
4762.533610	15.643394	3825
4763.563315	15.550081	3826
4764.576179	15.663061	3827
4765.607470	15.354402	3828
4766.616241	15.702630	3829
4767.649844	15.454653	3830
4768.659402	15.642162	3831
4769.694692	15.383798	3832
4770.700161	15.628590	3833
4771.738391	15.197287	3834
4772.739247	15.401066	3835
4773.782537	15.463217	3836
4774.783338	15.197470	3837
4775.824211	15.122633	3838
4776.823046	15.859421	3839
4777.869489	15.196564	3840
4778.867515	14.680237	3841
4779.910169	15.229398	3842
4780.909017	14.621725	3843
4781.952993	14.652829	3844
4782.952028	16.379844	3845
4783.991480	15.011962	3846
4784.995659	15.800412	3847
4786.033969	14.605021	3848
4787.040568	15.568325	3849
4788.076492	15.316423	3850
4789.082382	14.949256	3851
4790.119328	15.286089	3852
4791.125328	15.028386	3853
4792.160711	15.222281	3854
4793.166808	15.129358	3855
4794.205811	14.875387	3856
4795.211194	14.997150	3857
4796.245288	15.183758	3858
4797.250754	14.885798	3859
4798.290061	15.017083	3860
4799.294347	15.073167	3861
4800.333034	15.025739	3862
4801.334742	14.979525	3863
4802.376149	14.986509	3864
4803.376846	14.897222	3865
4804.418867	14.836111	3866
4805.418150	15.001868	3867
4806.463172	14.978040	3868
4807.462229	14.942573	3869
4808.504281	14.965498	3870
4809.503265	14.952479	3871
4810.547022	14.813371	3872
4811.546811	14.962663	3873
4812.588502	14.660609	3874
4813.589942	14.910924	3875
4814.630376	14.574783	3876
4815.633759	14.918867	3877
4816.669881	14.801760	3878
4817.676481	14.695647	3879
4818.711807	14.435823	3880
4819.721702	14.967740	3881
4820.755603	14.554479	3882
4821.762276	14.774325	3883
4822.794559	14.600008	3884
4823.807916	14.877695	3885
4824.839650	14.485797	3886
4825.845680	14.769172	3887
4826.879648	14.611803	3888
4827.892224	14.716593	3889
4828.924213	14.453120	3890
4829.932047	14.707493	3891
4830.963427	14.516005	3892
4831.976003	14.722249	3893
4833.010096	14.487417	3894
4834.014668	14.474284	3895
4835.053316	14.380491	3896
4836.057692	14.518611	3897
4837.095935	14.408037	3898
4838.096801	14.407684	3899
4839.141117	14.258500	3900
4840.139106	14.476200	3901
4841.181705	14.321610	3902
4842.181593	14.407202	3903
4843.226396	14.140512	3904
4844.222155	14.252261	3905
4845.266642	14.268372	3906
4846.267093	14.409175	3907
4847.311442	14.285854	3908
4848.307724	14.108432	3909
4849.350911	14.146160	3910
4850.352892	14.189648	3911
4851.393004	14.224939	3912
4852.393192	14.184029	3913
4853.436751	14.260294	3914
4854.438550	14.031959	3915
4855.476727	14.205682	3916
4856.478172	14.059357	3917
4857.521270	14.120227	3918
4858.522901	14.077740	3919
4859.561230	14.192716	3920
4860.562729	13.995884	3921
4861.604551	13.930328	3922
4862.607717	14.252734	3923
4863.647258	14.031519	3924
4864.647385	14.088988	3925
4865.692728	13.971628	3926
4866.689999	13.944882	3927
4867.733736	13.948328	3928
4868.732400	13.984334	3929
4869.778689	13.966461	3930
4870.773154	13.890061	3931
4871.818788	13.972711	3932
4872.816877	13.905032	3933
4873.863105	13.822828	3934
4874.860135	13.928678	3935
4875.902958	13.842997	3936
4876.902150	14.094581	3937
4877.944428	13.826176	3938
