crossing time (s)	slope (V/s)	crossing number
5682.964389	25.194394	4707
5683.978083	26.276962	4708
5685.013041	25.530429	4709
5686.017811	25.594521	4710
5687.055526	25.431535	4711
5688.059987	25.772281	4712
5689.096095	26.183197	4713
5690.107262	25.357350	4714
5691.136743	25.797550	4715
5692.150415	25.432396	4716
5693.176841	25.852984	4717
5694.197161	25.303726	4718
5695.218402	25.405371	4719
5696.240418	25.003961	4720
5697.262336	25.112932	4721
5698.284592	24.933891	4722
5699.302548	25.700420	4723
5700.328135	25.410796	4724
5701.347452	25.498533	4725
5702.370042	24.614884	4726
5703.388482	25.090710	4727
5704.406298	24.875310	4728
5705.434572	25.075224	4729
5706.450740	24.741131	4730
5707.478924	25.182558	4731
5708.491519	24.790062	4732
5709.524878	24.896060	4733
5710.530484	24.657061	4734
5711.568330	24.563540	4735
5712.575960	24.777220	4736
5713.611773	24.622351	4737
5714.619687	24.976921	4738
5715.652959	24.479124	4739
5716.665791	24.798650	4740
5717.689318	24.086292	4741
5718.710853	24.615458	4742
5719.728024	24.408275	4743
5720.757162	24.810291	4744
5721.767806	24.066137	4745
5722.803374	24.181123	4746
5723.809314	24.396754	4747
5724.847706	24.013706	4748
5725.853943	24.294721	4749
5726.886074	23.921562	4750
5727.897182	24.412468	4751
5728.927999	23.713644	4752
5729.944076	24.038347	4753
5730.966022	23.473369	4754
5731.990268	24.160748	4755
5733.007509	23.713922	4756
5734.033490	24.094621	4757
5735.048550	23.564313	4758
5736.076704	24.178599	4759
5737.092431	23.353153	4760
5738.118029	24.212414	4761
5739.136580	23.546249	4762
5740.163800	24.079305	4763
5741.179242	23.437929	4764
5742.202399	23.974236	4765
5743.224914	23.207677	4766
5744.242798	23.583668	4767
5745.269423	23.035878	4768
5746.282812	23.886549	4769
5747.313303	23.211658	4770
5748.323927	23.530906	4771
5749.359933	22.841506	4772
5750.364033	23.681737	4773
5751.402566	23.189316	4774
5752.410036	23.296571	4775
5753.443638	23.131049	4776
5754.452879	23.152065	4777
5755.482554	23.410682	4778
5756.500555	23.034563	4779
5757.520188	23.486504	4780
5758.547210	22.994166	4781
5759.562774	23.458447	4782
5760.593258	22.955297	4783
5761.604266	23.066373	4784
5762.636897	22.817692	4785
5763.645052	23.149379	4786
5764.681192	22.931577	4787
5765.685332	23.020210	4788
5766.721621	23.112980	4789
5767.729969	22.884575	4790
5768.765252	22.945184	4791
5769.772726	22.731206	4792
5770.805480	23.072000	4793
5771.817346	22.593728	4794
5772.850190	22.742375	4795
5773.858319	22.334567	4796
5774.890339	22.892781	4797
5775.902087	22.503810	4798
5776.935274	22.648293	4799
5777.944584	22.443523	4800
5778.978833	22.645838	4801
5779.987242	22.515003	4802
5781.020469	22.571501	4803
5782.028487	22.444639	4804
5783.064844	22.459415	4805
5784.069386	22.317602	4806
5785.107703	22.358652	4807
5786.116198	22.315584	4808
5787.144847	21.804169	4809
5788.157212	22.209395	4810
5789.190706	22.199316	4811
5790.202584	22.381792	4812
5791.229483	22.041921	4813
5792.249422	22.172748	4814
5793.268863	21.951042	4815
5794.293422	21.902250	4816
5795.308627	21.788637	4817
5796.338510	21.821988	4818
5797.350136	21.928489	4819
5798.382902	21.868684	4820
5799.389117	21.826024	4821
5800.428875	21.675471	4822
5801.430245	21.681097	4823
5802.469949	21.469479	4824
5803.474500	21.630381	4825
5804.511892	21.353281	4826
5805.520026	21.717816	4827
5806.552909	21.367720	4828
5807.563908	21.684189	4829
5808.594716	21.390312	4830
5809.607467	21.505903	4831
5810.637406	21.319831	4832
5811.649777	21.515401	4833
5812.677006	21.222094	4834
5813.694082	21.483338	4835
5814.721805	21.049947	4836
5815.734847	21.488397	4837
5816.764301	21.273498	4838
5817.778978	21.369175	4839
5818.807714	21.071812	4840
5819.818427	21.272493	4841
5820.851742	20.873370	4842
5821.860080	21.199101	4843
5822.896571	21.063878	4844
5823.902539	21.097632	4845
5824.941244	20.761182	4846
5825.942462	20.984284	4847
5826.983829	20.791050	4848
5827.986642	20.736781	4849
5829.025582	20.818995	4850
5830.031298	20.669801	4851
5831.065790	20.914159	4852
5832.076825	20.550271	4853
5833.104903	20.809768	4854
5834.122180	20.673246	4855
5835.144888	21.071050	4856
5836.168102	20.441788	4857
5837.183595	20.794319	4858
5838.213102	20.558838	4859
5839.226403	20.597995	4860
5840.256343	20.462002	4861
5841.267662	20.816586	4862
5842.300439	20.640721	4863
5843.308771	20.643148	4864
5844.344639	20.403151	4865
5845.351883	20.782766	4866
5846.387633	20.583057	4867
5847.390658	20.534139	4868
5848.429856	20.396915	4869
5849.437261	20.532226	4870
5850.472934	20.471665	4871
5851.477952	20.368290	4872
5852.513664	20.245101	4873
5853.522109	20.250274	4874
5854.558486	20.318800	4875
5855.563835	20.241261	4876
5856.600033	20.167464	4877
5857.606059	20.195732	4878
5858.643613	20.263826	4879
5859.649780	20.056634	4880
5860.683013	20.299466	4881
5861.692054	20.040103	4882
5862.727903	20.108488	4883
5863.738536	19.938626	4884
5864.767383	19.960268	4885
5865.782340	19.979523	4886
5866.807911	19.874697	4887
5867.827572	19.922476	4888
5868.845625	19.890766	4889
5869.873552	19.769511	4890
5870.887207	19.737953	4891
5871.917617	19.769856	4892
5872.927219	19.781840	4893
5873.962998	19.609352	4894
5874.968174	19.785997	4895
5876.007957	19.622362	4896
5877.009950	19.744919	4897
5878.050408	19.629718	4898
5879.052177	19.514874	4899
5880.092686	19.484259	4900
5881.093734	19.474874	4901
5882.134941	19.350089	4902
5883.136647	19.588266	4903
5884.176721	19.563484	4904
5885.182384	19.552750	4905
5886.217618	19.484553	4906
5887.225205	19.300532	4907
5888.261279	19.523980	4908
5889.266225	19.391274	4909
5890.302946	19.437111	4910
5891.312104	19.302560	4911
5892.344489	19.504499	4912
5893.351434	19.228294	4913
5894.389894	19.246602	4914
5895.395248	19.082475	4915
5896.431217	19.075537	4916
5897.436291	19.316668	4917
5898.474637	19.046765	4918
5899.476376	19.076178	4919
5900.518794	19.375721	4920
5901.519388	18.821030	4921
5902.561391	18.958394	4922
5903.562872	18.873809	4923
5904.604125	19.199612	4924
5905.606441	18.927209	4925
5906.645411	18.817561	4926
5907.651536	18.969723	4927
5908.685250	18.926182	4928
5909.695607	19.117120	4929
5910.725498	18.912554	4930
5911.741464	18.717203	4931
5912.768618	18.735789	4932
5913.785895	18.994278	4933
5914.808749	19.122588	4934
5915.828635	18.653144	4935
5916.847809	18.681090	4936
5917.873921	18.949358	4937
5918.888537	18.668334	4938
5919.916465	18.517936	4939
5920.929943	18.589315	4940
5921.960858	18.412346	4941
5922.971361	18.778390	4942
5924.004938	18.854932	4943
5925.013479	18.142704	4944
5926.046447	18.209497	4945
5927.055936	18.630328	4946
5928.088198	18.658290	4947
5929.098911	18.786396	4948
5930.134113	18.639566	4949
5931.142713	18.420617	4950
5932.175521	18.436209	4951
5933.184181	18.191239	4952
5934.216289	18.447736	4953
5935.228464	18.406239	4954
5936.259155	18.407663	4955
5937.273147	18.286822	4956
5938.298035	18.416544	4957
5939.313804	18.249772	4958
5940.340907	18.363494	4959
5941.359588	18.184076	4960
5942.381770	18.482872	4961
5943.404215	17.934093	4962
5944.422324	18.197494	4963
5945.448506	17.940707	4964
5946.462223	18.185525	4965
5947.494299	17.969049	4966
5948.500800	17.893786	4967
5949.538921	17.845386	4968
5950.543470	17.986591	4969
5951.583099	17.919213	4970
5952.585328	17.936315	4971
5953.626545	17.847757	4972
5954.626132	17.614742	4973
5955.668952	17.952845	4974
5956.668781	17.805146	4975
5957.712018	17.794869	4976
5958.710329	17.613228	4977
5959.753327	17.746797	4978
5960.752929	17.729628	4979
5961.794713	17.667001	4980
5962.798229	17.617057	4981
5963.838648	17.906548	4982
5964.838674	17.643198	4983
5965.879159	17.652028	4984
5966.884250	17.551250	4985
5967.921720	17.761084	4986
5968.924522	17.546482	4987
5969.966058	17.627625	4988
5970.966448	17.392569	4989
5972.008429	17.562754	4990
5973.008615	17.699698	4991
5974.052421	17.344002	4992
5975.049772	17.502266	4993
5976.093499	17.434589	4994
5977.092519	17.477096	4995
5978.137153	17.289031	4996
5979.137866	17.441352	4997
5980.176915	17.277840	4998
5981.179827	17.499944	4999
5982.218337	17.138651	5000
5983.225017	17.420465	5001
5984.261155	17.297613	5002
5985.266788	17.418969	5003
5986.300835	17.255992	5004
5987.312126	17.333307	5005
5988.343388	17.264708	5006
5989.356543	17.320521	5007
5990.382251	17.394672	5008
5991.400068	17.248093	5009
5992.423320	17.136333	5010
5993.446631	17.237062	5011
5994.464070	17.256850	5012
5995.488682	17.397957	5013
5996.505406	17.126125	5014
5997.532809	17.288137	5015
5998.548723	17.019279	5016
5999.575521	17.262841	5017
6000.589160	17.038997	5018
6001.619505	17.216486	5019
6002.633738	16.907077	5020
6003.661764	17.127948	5021
6004.671867	16.877062	5022
6005.706178	17.141104	5023
6006.717459	16.867698	5024
